$ANSIBLE_VAULT;1.1;AES256
34666538353562646533393639353735636332653562343932313262393637666438626436636630
6361386233376630303363353165313736303365363862380a386462303735366565366635623538
39633936333835343532363933386630326130376137373164366666626539336136653631363161
3032346362393238630a333739333262303736653032316434336331353164333562613630386366
62343133666431303138346335323065653432356430336435633937323566383663336134303939
35643239663865393630313666333562663231626131626137333365386561343536393634383239
30623931646166323135613538613762353166303435323365353831633962323436653939386636
34396366366336356166653563323833633339626231356564346135626638363066613666373963
33303864336532613564383365303962656138636165666436366535616130623464653237376232
34393261656432376132303038393335613463663364333235323934313434363435336431643362
62623834656362346132343431366635643936336536666363336465623230346434663764653061
65383336323832363632643562373334313335373932323930613931663331393033356561343461
35306234363531393136363436336332356434373630396333383233353865333331633131306463
35613263323231363837363136316161386437666232636239393638666661376531306264396633
37663234306431623662333162643163376131383563663835636330653666663863656435613266
37343734396339393663323761386330613333396163323533356335356265386130343236323934
30666131383064303931316634343338633935623638616433343865323635326463343139303731
33663031303466646238303835643865663438343839393261633137663235373963613137623537
353466353333623633316433343361643866
